mloop_version='3.3.2'
archive_type='differential_evolution'
num_params=7
min_boundary=array([ 2.5, 20. ,  0.5, 67. ,  0.2,  0.2, 20. ])
max_boundary=array([ 5., 80.,  1., 73.,  1.,  1., 80.])
start_datetime='2026-04-02_16-40'
param_names=['', '', '', '', '', '', '']
evolution_strategy='best1'
mutation_scale=(0.5, 1)
cross_over_probability=0.7
population_size=15
num_population_members=105
restart_tolerance=0.01
first_params=nan
has_trust_region=False
trust_region=nan
all_params=array([[ 3.73677967, 64.48701543,  0.68578658, 70.16686825,  0.70598243,         0.28382261, 36.69631364],       [ 3.63426571, 45.20144483,  0.85779861, 68.30965565,  0.7148256 ,         0.45145318, 79.66623394],       [ 4.56769337, 72.55877781,  0.5553216 , 72.29865235,  0.7613941 ,         0.2305397 , 23.96199974],       [ 4.93273515, 60.57704282,  0.63641692, 70.07277899,  0.34933979,         0.4409496 , 77.68971181],       [ 3.74778969, 22.71939336,  0.59278966, 67.02903543,  0.45315195,         0.74218372, 67.88011533],       [ 3.81367294, 44.84272232,  0.6557421 , 71.42429592,  0.73148743,         0.89735883, 32.57915936],       [ 4.64262901, 30.14415334,  0.51114674, 68.60984382,  0.55668635,         0.34821412, 33.54177625],       [ 4.77135753, 36.40585178,  0.95111943, 72.12317169,  0.77295976,         0.40195775, 28.70836966],       [ 4.32950699, 57.29119369,  0.74876928, 69.24340079,  0.53160388,         0.85129317, 49.63815147],       [ 4.81532734, 20.267041  ,  0.68289377, 70.19952317,  0.73511522,         0.71989914, 37.89584638],       [ 4.10400893, 56.40935556,  0.81312655, 68.88281393,  0.55134492,         0.83497228, 56.84463041],       [ 3.70517361, 77.05448384,  0.73159027, 67.79855948,  0.72029993,         0.79048115, 27.38898005],       [ 4.75580831, 54.46372375,  0.68989126, 68.93520636,  0.59766037,         0.58413127, 66.80260428],       [ 3.12465501, 50.87870357,  0.92393849, 67.94232651,  0.81723522,         0.67730499, 36.8696732 ]])
all_costs=array([inf, inf, inf, inf, inf, inf, inf, inf, inf, inf, inf, inf, inf,       inf])
all_uncers=array([0., 0., 0., 0., 0., 0., 0., 0., 0., 0., 0., 0., 0., 0.])
bad_run_indexs=[0, 1, 2, 3, 4, 5, 6, 7, 8, 9, 10, 11, 12, 13]
params_generations=[]
costs_generations=[]
population=[array([ 3.73677967, 64.48701543,  0.68578658, 70.16686825,  0.70598243,        0.28382261, 36.69631364]), array([ 3.63426571, 45.20144483,  0.85779861, 68.30965565,  0.7148256 ,        0.45145318, 79.66623394]), array([ 4.56769337, 72.55877781,  0.5553216 , 72.29865235,  0.7613941 ,        0.2305397 , 23.96199974]), array([ 4.93273515, 60.57704282,  0.63641692, 70.07277899,  0.34933979,        0.4409496 , 77.68971181]), array([ 3.74778969, 22.71939336,  0.59278966, 67.02903543,  0.45315195,        0.74218372, 67.88011533]), array([ 3.81367294, 44.84272232,  0.6557421 , 71.42429592,  0.73148743,        0.89735883, 32.57915936]), array([ 4.64262901, 30.14415334,  0.51114674, 68.60984382,  0.55668635,        0.34821412, 33.54177625]), array([ 4.77135753, 36.40585178,  0.95111943, 72.12317169,  0.77295976,        0.40195775, 28.70836966]), array([ 4.32950699, 57.29119369,  0.74876928, 69.24340079,  0.53160388,        0.85129317, 49.63815147]), array([ 4.81532734, 20.267041  ,  0.68289377, 70.19952317,  0.73511522,        0.71989914, 37.89584638]), array([ 4.10400893, 56.40935556,  0.81312655, 68.88281393,  0.55134492,        0.83497228, 56.84463041]), array([ 3.70517361, 77.05448384,  0.73159027, 67.79855948,  0.72029993,        0.79048115, 27.38898005]), array([ 4.75580831, 54.46372375,  0.68989126, 68.93520636,  0.59766037,        0.58413127, 66.80260428]), array([ 3.12465501, 50.87870357,  0.92393849, 67.94232651,  0.81723522,        0.67730499, 36.8696732 ])]
population_costs=[inf, inf, inf, inf, inf, inf, inf, inf, inf, inf, inf, inf, inf, inf]
init_std=0
curr_std=0
generation_count=0
