mloop_version='3.3.2'
archive_type='differential_evolution'
num_params=7
min_boundary=array([ 2.5, 20. ,  0.5, 67. ,  0.2,  0.2, 20. ])
max_boundary=array([ 5., 80.,  1., 73.,  1.,  1., 80.])
start_datetime='2026-04-02_16-45'
param_names=['', '', '', '', '', '', '']
evolution_strategy='best1'
mutation_scale=(0.5, 1)
cross_over_probability=0.7
population_size=15
num_population_members=105
restart_tolerance=0.01
first_params=nan
has_trust_region=False
trust_region=nan
all_params=array([[ 3.9790466 , 43.15894114,  0.67603385, 70.90460881,  0.20965405,         0.62574374, 61.98259622],       [ 3.76586235, 58.80326918,  0.59631904, 69.23078433,  0.2312115 ,         0.69829445, 24.41584077],       [ 4.11968766, 56.83436558,  0.63894402, 68.0193677 ,  0.30902132,         0.53774725, 45.80958874],       [ 2.62792527, 70.7906619 ,  0.70908685, 71.62170109,  0.25613376,         0.84001581, 30.11558328],       [ 4.0698958 , 59.90744085,  0.59212142, 71.69695957,  0.67485602,         0.26344326, 79.64579866],       [ 4.72622856, 27.04057402,  0.97032436, 70.11281467,  0.67455646,         0.52130564, 56.57181387]])
all_costs=array([inf, inf, inf, inf, inf, inf])
all_uncers=array([0., 0., 0., 0., 0., 0.])
bad_run_indexs=[0, 1, 2, 3, 4, 5]
params_generations=[]
costs_generations=[]
population=[array([ 3.9790466 , 43.15894114,  0.67603385, 70.90460881,  0.20965405,        0.62574374, 61.98259622]), array([ 3.76586235, 58.80326918,  0.59631904, 69.23078433,  0.2312115 ,        0.69829445, 24.41584077]), array([ 4.11968766, 56.83436558,  0.63894402, 68.0193677 ,  0.30902132,        0.53774725, 45.80958874]), array([ 2.62792527, 70.7906619 ,  0.70908685, 71.62170109,  0.25613376,        0.84001581, 30.11558328]), array([ 4.0698958 , 59.90744085,  0.59212142, 71.69695957,  0.67485602,        0.26344326, 79.64579866]), array([ 4.72622856, 27.04057402,  0.97032436, 70.11281467,  0.67455646,        0.52130564, 56.57181387])]
population_costs=[inf, inf, inf, inf, inf, inf]
init_std=0
curr_std=0
generation_count=0
